0
3170
6065
8443
10121
10998
11062
10393
9150
7548
5833
4250
3012
2280
2141
2603
3598
4997
6631
8311
9865
11154
12091
12656
12891
12894
12800
12758
12908
13357
14159
15307
16726
18289
19825
21149
22085
22495
22296
21482
20124
18369
16421
14522
12921
11840
11453
11855
13056
14971
17432
20206
23025
25610
27709
29128
29747
29536
28559
26960
24944
22755
20641
18824
17476
16700
16522
16887
17679
18732
19863
20893
21674
22110
22166
21873
21320
20635
19968
19463
19235
19350
19815
20568
21491
22422
23176
23574
23468
22764
21439
19551
17231
14674
12118
9812
7988
6830
6453
6882
8053
9814
11943
14177
16235
17861
18846
19053
18436
17039
14992
12492
9777
7095
4678
2709
1308
514
290
530
1077
1750
2366
2771
2856
2575
1946
1046
0
-1047
-1947
-2576
-2857
-2772
-2367
-1751
-1078
-531
-291
-515
-1309
-2710
-4679
-7096
-9778
-12493
-14993
-17040
-18437
-19054
-18847
-17862
-16236
-14178
-11944
-9815
-8054
-6883
-6454
-6831
-7989
-9813
-12119
-14675
-17232
-19552
-21440
-22765
-23469
-23575
-23177
-22423
-21492
-20569
-19816
-19351
-19236
-19464
-19969
-20636
-21321
-21874
-22167
-22111
-21675
-20894
-19864
-18733
-17680
-16888
-16523
-16701
-17477
-18825
-20642
-22756
-24945
-26961
-28560
-29537
-29748
-29129
-27710
-25611
-23026
-20207
-17433
-14972
-13057
-11856
-11454
-11841
-12922
-14523
-16422
-18370
-20125
-21483
-22297
-22496
-22086
-21150
-19826
-18290
-16727
-15308
-14160
-13358
-12909
-12759
-12801
-12895
-12892
-12657
-12092
-11155
-9866
-8312
-6632
-4998
-3599
-2604
-2142
-2281
-3013
-4251
-5834
-7549
-9151
-10394
-11063
-10999
-10122
-8444
-6066
-3171
-1
3170
6065
8443
10121
10998
11062
10393
9150
7548
5833
4250
3012
2280
2141
2603
3598
4997
6631
8311
9865
11154
12091
12656
12891
12894
12800
12758
12908
13357
14159
15307
16726
18289
19825
21149
22085
22495
22296
21482
20124
18369
16421
14522
12921
11840
11453
11855
13056
14971
17432
20206
23025
25610
27709
29128
29747
29536
28559
26960
24944
22755
20641
18824
17476
16700
16522
16887
17679
18732
19863
20893
21674
22110
22166
21873
21320
20635
19968
19463
19235
19350
19815
20568
21491
22422
23176
23574
23468
22764
21439
19551
17231
14674
12118
9812
7988
6830
6453
6882
8053
9814
11943
14177
16235
17861
18846
19053
18436
17039
14992
12492
9777
7095
4678
2709
1308
514
290
530
1077
1750
2366
2771
2856
2575
1946
1046
0
-1047
-1947
-2576
-2857
-2772
-2367
-1751
-1078
-531
-291
-515
-1309
-2710
-4679
-7096
-9778
-12493
-14993
-17040
-18437
-19054
-18847
-17862
-16236
-14178
-11944
-9815
-8054
-6883
-6454
-6831
-7989
-9813
-12119
-14675
-17232
-19552
-21440
-22765
-23469
-23575
-23177
-22423
-21492
-20569
-19816
-19351
-19236
-19464
-19969
-20636
-21321
-21874
-22167
-22111
-21675
-20894
-19864
-18733
-17680
-16888
-16523
-16701
-17477
-18825
-20642
-22756
-24945
-26961
-28560
-29537
-29748
-29129
-27710
-25611
-23026
-20207
-17433
-14972
-13057
-11856
-11454
-11841
-12922
-14523
-16422
-18370
-20125
-21483
-22297
-22496
-22086
-21150
-19826
-18290
-16727
-15308
-14160
-13358
-12909
-12759
-12801
-12895
-12892
-12657
-12092
-11155
-9866
-8312
-6632
-4998
-3599
-2604
-2142
-2281
-3013
-4251
-5834
-7549
-9151
-10394
-11063
-10999
-10122
-8444
-6066
-3171
-1
3170
6065
8443
10121
10998
11062
10393
9150
7548
5833
4250
3012
2280
2141
2603
3598
4997
6631
8311
9865
11154
12091
12656
12891
12894
12800
12758
12908
13357
14159
15307
16726
18289
19825
21149
22085
22495
22296
21482
20124
18369
16421
14522
12921
11840
11453
11855
13056
14971
17432
20206
23025
25610
27709
29128
29747
29536
28559
26960
24944
22755
20641
18824
17476
16700
16522
16887
17679
18732
19863
20893
21674
22110
22166
21873
21320
20635
19968
19463
19235
19350
19815
20568
21491
22422
23176
23574
23468
22764
21439
19551
17231
14674
12118
9812
7988
6830
6453
6882
8053
9814
11943
14177
16235
17861
18846
19053
18436
17039
14992
12492
9777
7095
4678
2709
1308
514
290
530
1077
1750
2366
2771
2856
2575
1946
1046
-1
-1047
-1947
-2576
-2857
-2772
-2367
-1751
-1078
-531
-291
-515
-1309
-2710
-4679
-7096
-9778
-12493
-14993
-17040
-18437
-19054
-18847
-17862
-16236
-14178
-11944
-9815
-8054
-6883
-6454
-6831
-7989
-9813
-12119
-14675
-17232
-19552
-21440
-22765
-23469
-23575
-23177
-22423
-21492
-20569
-19816
-19351
-19236
-19464
-19969
-20636
-21321
-21874
-22167
-22111
-21675
-20894
-19864
-18733
-17680
-16888
-16523
-16701
-17477
-18825
-20642
-22756
-24945
-26961
-28560
-29537
-29748
-29129
-27710
-25611
-23026
-20207
-17433
-14972
-13057
-11856
-11454
-11841
-12922
-14523
-16422
-18370
-20125
-21483
-22297
-22496
-22086
-21150
-19826
-18290
-16727
-15308
-14160
-13358
-12909
-12759
-12801
-12895
-12892
-12657
-12092
-11155
-9866
-8312
-6632
-4998
-3599
-2604
-2142
-2281
-3013
-4251
-5834
-7549
-9151
-10394
-11063
-10999
-10122
-8444
-6066
-3171
-1
3170
6065
8443
10121
10998
11062
10393
9150
7548
5833
4250
3012
2280
2141
2603
3598
4997
6631
8311
9865
11154
12091
12656
12891
12894
12800
12758
12908
13357
14159
15307
16726
18289
19825
21149
22085
22495
22296
21482
20124
18369
16421
14522
12921
11840
11453
11855
13056
14971
17432
20206
23025
25610
27709
29128
29747
29536
28559
26960
24944
22755
20641
18824
17476
16700
16522
16887
17679
18732
19863
20893
21674
22110
22166
21873
21320
20635
19968
19463
19235
19350
19815
20568
21491
22422
23176
23574
23468
22764
21439
19551
17231
14674
12118
9812
7988
6830
6453
6882
8053
9814
11943
14177
16235
17861
18846
19053
18436
17039
14992
12492
9777
7095
4678
2709
1308
514
290
530
1077
1750
2366
2771
2856
2575
1946
1046
-1
-1047
-1947
-2576
-2857
-2772
-2367
-1751
-1078
-531
-291
-515
-1309
-2710
-4679
-7096
-9778
-12493
-14993
-17040
-18437
-19054
-18847
-17862
-16236
-14178
-11944
-9815
-8054
-6883
-6454
-6831
-7989
-9813
-12119
-14675
-17232
-19552
-21440
-22765
-23469
-23575
-23177
-22423
-21492
-20569
-19816
-19351
-19236
-19464
-19969
-20636
-21321
-21874
-22167
-22111
-21675
-20894
-19864
-18733
-17680
-16888
-16523
-16701
-17477
-18825
-20642
-22756
-24945
-26961
-28560
-29537
-29748
-29129
-27710
-25611
-23026
-20207
-17433
-14972
-13057
-11856
-11454
-11841
-12922
-14523
-16422
-18370
-20125
-21483
-22297
-22496
-22086
-21150
-19826
-18290
-16727
-15308
-14160
-13358
-12909
-12759
-12801
-12895
-12892
-12657
-12092
-11155
-9866
-8312
-6632
-4998
-3599
-2604
-2142
-2281
-3013
-4251
-5834
-7549
-9151
-10394
-11063
-10999
-10122
-8444
-6066
-3171
-1
3170
6065
8443
10121
10998
11062
10393
9150
7548
5833
4250
3012
2280
2141
2603
3598
4997
6631
8311
9865
11154
12091
12656
12891
12894
12800
12758
12908
13357
14159
15307
16726
18289
19825
21149
22085
22495
22296
21482
20124
18369
16421
14522
12921
11840
11453
11855
13056
14971
17432
20206
23025
25610
27709
29128
29747
29536
28559
26960
24944
22755
20641
18824
17476
16700
16522
16887
17679
18732
19863
20893
21674
22110
22166
21873
21320
20635
19968
19463
19235
19350
19815
20568
21491
22422
23176
23574
23468
22764
21439
19551
17231
14674
12118
9812
7988
6830
6453
6882
8053
9814
11943
14177
16235
17861
18846
19053
18436
17039
14992
12492
9777
7095
4678
2709
1308
514
290
530
1077
1750
2366
2771
2856
2575
1946
1046
0
-1047
-1947
-2576
-2857
-2772
-2367
-1751
-1078
-531
-291
-515
-1309
-2710
-4679
-7096
-9778
-12493
-14993
-17040
-18437
-19054
-18847
-17862
-16236
-14178
-11944
-9815
-8054
-6883
-6454
-6831
-7989
-9813
-12119
-14675
-17232
-19552
-21440
-22765
-23469
-23575
-23177
-22423
-21492
-20569
-19816
-19351
-19236
-19464
-19969
-20636
-21321
-21874
-22167
-22111
-21675
-20894
-19864
-18733
-17680
-16888
-16523
-16701
-17477
-18825
-20642
-22756
-24945
-26961
-28560
-29537
-29748
-29129
-27710
-25611
-23026
-20207
-17433
-14972
-13057
-11856
-11454
-11841
-12922
-14523
-16422
-18370
-20125
-21483
-22297
-22496
-22086
-21150
-19826
-18290
-16727
-15308
-14160
-13358
-12909
-12759
-12801
-12895
-12892
-12657
-12092
-11155
-9866
-8312
-6632
-4998
-3599
-2604
-2142
-2281
-3013
-4251
-5834
-7549
-9151
-10394
-11063
-10999
-10122
-8444
-6066
-3171
-1
3170
6065
8443
10121
10998
11062
10393
9150
7548
5833
4250
3012
2280
2141
2603
3598
4997
6631
8311
9865
11154
12091
12656
12891
12894
12800
12758
12908
13357
14159
15307
16726
18289
19825
21149
22085
22495
22296
21482
20124
18369
16421
14522
12921
11840
11453
11855
13056
14971
17432
20206
23025
25610
27709
29128
29747
29536
28559
26960
24944
22755
20641
18824
17476
16700
16522
16887
17679
18732
19863
20893
21674
22110
22166
21873
21320
20635
19968
19463
19235
19350
19815
20568
21491
22422
23176
23574
23468
22764
21439
19551
17231
14674
12118
9812
7988
6830
6453
6882
8053
9814
11943
14177
16235
17861
18846
19053
18436
17039
14992
12492
9777
7095
4678
2709
1308
514
290
530
1077
1750
2366
2771
2856
2575
1946
1046
0
-1047
-1947
-2576
-2857
-2772
-2367
-1751
-1078
-531
-291
-515
-1309
-2710
-4679
-7096
-9778
-12493
-14993
-17040
-18437
-19054
-18847
-17862
-16236
-14178
-11944
-9815
-8054
-6883
-6454
-6831
-7989
-9813
-12119
-14675
-17232
-19552
-21440
-22765
-23469
-23575
-23177
-22423
-21492
-20569
-19816
-19351
-19236
-19464
-19969
-20636
-21321
-21874
-22167
-22111
-21675
-20894
-19864
-18733
-17680
-16888
-16523
-16701
-17477
-18825
-20642
-22756
-24945
-26961
-28560
-29537
-29748
-29129
-27710
-25611
-23026
-20207
-17433
-14972
-13057
-11856
-11454
-11841
-12922
-14523
-16422
-18370
-20125
-21483
-22297
-22496
-22086
-21150
-19826
-18290
-16727
-15308
-14160
-13358
-12909
-12759
-12801
-12895
-12892
-12657
-12092
-11155
-9866
-8312
-6632
-4998
-3599
-2604
-2142
-2281
-3013
-4251
-5834
-7549
-9151
-10394
-11063
-10999
-10122
-8444
-6066
-3171