    0
 2130
 4179
 6068
 7723
 9081
10091
10712
10922
10712
10091
 9081
 7723
 7823
 4179
 2130
    0
-2130
-4179
-6068
-7723
-9081
-10091
-10712
-10922
-10712
-10091
-9081
-7723
-6068
-4179
-2130
   -0
 2130
 4179
 6068
 7723
 9081
10091
10712
10922
10712
10091
 9081
 7723
 6068
 4179
 2130
    0
-2130
-4179
-6068
-7723
-9081
-10091
-10712
-10922
-10712
-10091
-9081
-7723
-6068
-4179
-2130
   -0
 1917
 3761
 5461
 6951
 8173
 9082
 9641
 9830
 9641
 9082
 8173
 6951
 5461
 3761
 1917
    0
-1917
-3761
-5461
-6951
-8173
-9082
-9641
-9830
-9641
-9082
-8173
-6951
-5461
-3761
-1917
   -0
 1917
 3761
 5461
 6951
 8173
 9082
 9641
 9830
 9641
 9082
 8173
 6951
 5461
 3761
 1917
    0
-1917
-3761
-5461
-6951
-8173
-9082
-9641
-9830
-9641
-9082
-8173
-6951
-5461
-3761
-1917
